[gd_scene load_steps=7 format=3 uid="uid://cwkr71g5jqsap"]

[ext_resource type="Script" uid="uid://j7fcvqepgx18" path="res://Scenes/Dialogue.cs" id="1_5ukr8"]
[ext_resource type="PackedScene" uid="uid://d3juim822u6ql" path="res://GrassInstancing/GrassInstance.tscn" id="1_a02cp"]
[ext_resource type="PackedScene" uid="uid://dajifag4dy54r" path="res://Prefabs/player.tscn" id="2_go701"]
[ext_resource type="PackedScene" uid="uid://dyd0wlgvc8lbt" path="res://Prefabs/npc.tscn" id="3_5a7ea"]
[ext_resource type="PackedScene" uid="uid://dr6ctchmfcuqs" path="res://Prefabs/ruins_sector_1.tscn" id="5_fo5ed"]

[sub_resource type="Environment" id="Environment_5a7ea"]
background_mode = 1
background_color = Color(0.773106, 0.9629937, 0.935227, 1)
ambient_light_source = 2
ambient_light_color = Color(0.30982426, 0.27062097, 0.27061376, 1)
ssao_power = 17.569017
ssao_sharpness = 1.0
fog_enabled = true
fog_light_color = Color(0.67058825, 0.9411765, 0.8901961, 1)

[node name="World" type="Node3D"]

[node name="Dialogue" type="Node" parent="."]
script = ExtResource("1_5ukr8")

[node name="WoldDATA" type="Node" parent="."]

[node name="WorldEnvironment" type="WorldEnvironment" parent="WoldDATA"]
environment = SubResource("Environment_5a7ea")

[node name="DirectionalLight3D2" type="DirectionalLight3D" parent="WoldDATA"]
transform = Transform3D(0.59158164, 0.7939088, -0.14050028, -0.31287047, 0.38666433, 0.8675269, 0.7430635, -0.46925443, 0.477134, 0, 0, 0)
light_color = Color(0.60063004, 0.51684785, 0.49675584, 1)
light_energy = 0.152

[node name="DirectionalLight3D" type="DirectionalLight3D" parent="WoldDATA"]
transform = Transform3D(0.77406126, 0.44598603, 0.44936135, 0, -0.70976746, 0.7044361, 0.6331107, -0.5452767, -0.5494035, 0, 0, 0)
shadow_enabled = true

[node name="BaseGrassInstance" parent="." instance=ExtResource("1_a02cp")]
transform = Transform3D(200, 0, 0, 0, 8, 0, 0, 0, 200, 0, 0, 0)
size = Vector2(2000, 2000)
flowerColor = Vector3(0.96, 0.995, 0.05)
colorStep = Vector3(0.012, 0.023, 0.004)
numberOfSteps = 35
height = 0.08
windPower = 0.001
windSpeed = 0.06
heightDiscrepency = 0.35

[node name="NPC" parent="." instance=ExtResource("3_5a7ea")]
transform = Transform3D(1, 0, 0, 0, 1, 0, 0, 0, 1, -3.1922014, 0, -5.7081065)

[node name="PathFollow3D" parent="NPC/Path3D" index="0"]
transform = Transform3D(0.21219261, -0.5941868, 0.77583265, 8.9406946e-08, 0.79391176, 0.608033, -0.9772274, -0.1290201, 0.16846232, -0.15068483, -0.12866497, 5.1905746)

[node name="Player" parent="." instance=ExtResource("2_go701")]
transform = Transform3D(1, 0, 0, 0, 1, 0, 0, 0, 1, -0.386454, 0, 0.60880256)
speed = 3.6
mSensitivity = 1.0

[node name="RuinsSector1" parent="." instance=ExtResource("5_fo5ed")]
transform = Transform3D(0.31254506, 0, -0.24747159, 0, 0.39865595, 0, 0.24747159, 0, 0.31254506, -11.015717, 0.2698928, -9.568606)

<<<<<<< Updated upstream
[node name="uiPanel" type="Panel" parent="."]
offset_right = 40.0
offset_bottom = 40.0

[node name="RichTextLabel" type="RichTextLabel" parent="uiPanel"]
layout_mode = 0
offset_right = 40.0
offset_bottom = 40.0
text = "hi"
=======
[editable path="NPC"]
>>>>>>> Stashed changes
